total num of bins      :  4
total num of variables :  50
total num of clauses   :  218
cmax of each bin       :  64
vmax of each bin       :  64

bin 1
	variables : 50
		1 2 3 4 5 6 7 8 9 10 11 12 13 14 15 16 17 18 19 20 21 22 23 24 25 26 27 28 29 30 31 32 33 34 35 36 37 38 39 40 41 42 43 44 45 46 47 48 49 50 
	clauses : 64
		27 -24 -25 
		-44 46 15 
		-14 -46 25 
		-27 32 23 
		-24 22 25 
		-27 -29 47 
		-43 27 34 
		44 -30 -7 
		34 -7 23 
		-35 -36 -29 
		12 -18 14 
		8 -40 17 
		5 41 26 
		-37 49 -10 
		-6 -2 48 
		3 35 21 
		15 29 -45 
		9 42 -7 
		20 5 11 
		7 10 35 
		-48 8 26 
		22 -15 38 
		-3 -42 -48 
		-38 6 16 
		-37 -1 -23 
		2 14 -13 
		-19 27 14 
		45 -15 -40 
		42 11 49 
		-41 -1 -29 
		32 6 16 
		-11 -48 17 
		34 14 3 
		-34 49 46 
		46 48 -15 
		-18 2 49 
		-18 26 -35 
		7 -43 36 
		14 22 -12 
		-50 -33 -10 
		-7 42 -22 
		-41 43 4 
		-40 36 -24 
		27 31 -39 
		-3 -11 23 
		-28 -45 49 
		-43 -37 -31 
		-35 -46 3 
		26 -29 43 
		-16 -32 -21 
		-13 31 33 
		-49 12 -41 
		-22 33 -6 
		35 -5 -42 
		45 -13 19 
		23 -48 -39 
		38 -30 -14 
		41 2 -14 
		-4 -14 -31 
		-29 -9 31 
		-40 4 9 
		-4 -33 -12 
		-48 35 -1 
		-49 -47 -41 

bin 2
	variables : 49
		1 2 3 4 5 6 7 8 9 10 11 12 13 14 15 16 17 18 19 20 21 22 23 24 25 26 27 28 29 30 31 32 33 34 35 37 38 39 40 41 42 43 44 45 46 47 48 49 50 
	clauses : 64
		-50 2 -26 
		48 -38 33 
		-25 -50 -18 
		30 19 3 
		6 7 -43 
		-21 -26 2 
		-20 -45 26 
		-6 -32 -26 
		24 -11 18 
		-22 37 -7 
		-43 47 1 
		-16 33 49 
		-9 48 -29 
		50 20 35 
		-8 45 -21 
		15 -35 -43 
		9 23 -49 
		-16 -44 14 
		-21 -6 12 
		2 47 -42 
		11 9 41 
		-39 -28 1 
		7 4 17 
		20 40 -5 
		-17 50 24 
		37 -42 18 
		-43 -24 -37 
		33 48 41 
		-37 31 -44 
		37 -50 -18 
		-14 -31 30 
		38 -45 -12 
		3 39 34 
		49 -42 -22 
		-13 -44 -14 
		22 -26 32 
		27 38 14 
		4 -48 -23 
		31 -49 -21 
		44 40 49 
		35 -42 6 
		2 -42 33 
		-29 15 12 
		44 12 -35 
		27 39 -16 
		-48 9 43 
		-7 46 -16 
		-22 21 20 
		-7 -50 -44 
		18 -35 -30 
		-1 -48 12 
		31 46 -43 
		-1 46 25 
		-18 -10 -47 
		-3 -21 -19 
		-50 24 -5 
		19 -34 48 
		34 -41 47 
		15 -18 6 
		27 -50 37 
		-17 -15 -39 
		1 -50 24 
		29 11 -43 
		-9 33 48 

bin 3
	variables : 48
		1 2 3 4 5 6 7 8 9 10 11 12 13 14 15 16 17 18 19 20 21 22 23 24 25 26 27 28 29 30 31 32 33 34 35 36 37 38 39 40 41 43 45 46 47 48 49 50 
	clauses : 64
		-21 33 14 
		-30 -36 9 
		-2 -49 -43 
		-6 49 5 
		5 21 37 
		28 -38 27 
		31 40 14 
		-3 36 -16 
		-1 -15 8 
		-35 -24 -7 
		32 39 -43 
		18 -20 -46 
		-9 -22 12 
		38 -6 -41 
		23 45 -35 
		-33 -35 3 
		-10 4 6 
		37 -14 17 
		40 -38 47 
		-34 37 41 
		-39 -3 -40 
		-21 -31 -39 
		-26 32 -11 
		-40 50 15 
		49 34 5 
		-11 33 49 
		-16 -21 14 
		-9 -38 14 
		-26 47 -36 
		6 -39 -9 
		7 -28 -17 
		-25 -45 -21 
		15 26 -25 
		37 20 46 
		-46 4 18 
		13 15 -11 
		-25 20 17 
		25 36 -23 
		-20 -21 30 
		-27 22 -29 
		-25 -24 -27 
		17 -29 38 
		-31 -17 -22 
		-45 -24 6 
		-12 -30 -20 
		30 14 41 
		34 50 35 
		-3 36 7 
		50 -46 -3 
		30 33 20 
		-36 -3 -37 
		-13 -30 19 
		8 38 31 
		-41 20 34 
		9 -8 7 
		43 22 27 
		-38 11 14 
		-47 -26 6 
		26 29 35 
		7 22 -48 
		8 -3 -22 
		-24 29 -37 
		27 49 -16 
		50 36 31 

bin 4
	variables : 36
		1 3 4 5 7 8 11 12 13 14 15 16 17 18 19 20 21 22 23 25 28 29 31 32 33 34 35 36 37 38 39 40 43 44 46 49 
	clauses : 26
		-44 46 19 
		36 -22 49 
		12 5 -44 
		3 -31 20 
		-40 16 -29 
		11 -18 -23 
		4 -35 -5 
		38 3 -21 
		33 -16 34 
		-4 3 -22 
		-22 -23 -49 
		-25 -4 44 
		-46 -37 -8 
		-32 46 12 
		-18 14 -16 
		23 34 -28 
		-1 -15 39 
		39 29 36 
		38 46 -32 
		-7 46 -43 
		36 -12 -31 
		-13 34 49 
		-1 23 28 
		25 -17 -15 
		1 23 -31 
		-34 -23 -14 

